2281 1210
677 678
677 7
414 616
414 2480
414 415
414 416
414 2481
350 351
350 352
254 255
2212 1620
1771 1773
1771 580
1771 229
1706 1707
1706 1708
1514 1516
351 352
1312 1314
1892 2283
1892 2424
1620 1798
1620 1376
1199 2293
1199 1996
1182 1242
1182 1243
2283 2141
649 1368
649 650
649 651
2472 1210
208 209
1857 1858
1324 1325
1324 1326
616 2480
616 415
786 2415
786 2416
2496 970
2496 2458
1614 1615
1614 1618
1699 119
1699 120
1699 1700
481 1755
960 961
1022 1023
327 328
2214 1365
937 1796
576 2075
1515 1516
931 174
2453 86
299 301
299 303
299 540
900 902
900 903
900 904
678 7
678 679
2215 1365
1495 44
1695 1785
1487 1489
809 810
2187 2188
1707 1708
2435 2436
2435 1134
1256 1257
2159 2160
2159 2407
2159 2181
2159 2161
2159 2497
2159 2365
2159 2182
2077 2388
2077 2389
1325 1326
868 1135
1368 650
119 121
2080 506
2272 2273
2096 1392
2096 1394
752 753
1772 580
1392 1393
1392 1394
2168 2169
2168 1811
2168 2170
334 335
2422 1342
2422 1343
1742 1743
1227 1228
1227 1229
2130 2131
2363 1206
1815 1816
1915 1939
58 60
1057 1939
1057 1058
1342 1343
228 1710
228 580
228 2316
1505 1506
137 138
137 139
2436 1134
2407 2181
2407 2365
2407 2182
1375 1376
1393 1394
93 2293
138 139
802 1589
131 2452
131 132
2169 1811
1516 1919
2141 2424
2141 2425
901 902
650 651
2480 415
2480 416
2480 2481
167 168
167 1088
1023 1024
2498 2499
2498 1407
970 2458
692 1126
168 1088
415 416
415 2481
2028 1229
640 1900
640 1901
2370 2371
261 262
59 60
1096 2014
1743 1744
641 645
1710 580
1710 2316
879 880
1835 1836
2253 2446
580 2316
580 229
1313 1314
1205 1206
2061 1140
2061 1508
378 379
1811 2170
902 904
1755 1756
1731 1732
2062 1508
608 610
608 611
609 610
453 454
2114 2115
513 514
2115 2461
1916 1058
1900 644
1900 645
2378 2379
587 494
1489 2470
2063 1508
367 368
367 369
1600 1554
2064 1140
1477 1890
396 397
2267 966
610 611
2499 1407
753 2074
301 302
301 303
2471 2456
2471 966
2097 1394
2181 2161
2181 2497
2181 2365
2181 2182
814 815
1711 1173
2413 2415
2164 1140
2164 1508
2161 2497
2161 2365
2161 2182
2065 1140
1617 1618
1228 1229
1843 1844
1356 2347
2497 2365
1991 1992
2066 1508
302 303
2067 1140
2067 1508
132 2268
1126 1127
60 61
2397 2398
2456 966
642 645
2365 2182
643 645
880 881
584 585
1140 1508
1394 2098
2339 460
1618 1619
303 540
20 1289
20 849
20 1290
20 21
2388 2389
1289 1290
1289 21
1289 1291
2037 2040
2038 2040
2233 2234
2233 2235
2233 2236
2233 2372
2233 2373
2234 2235
2234 2236
2234 2237
2234 2372
2234 2373
2235 2236
2235 2237
2235 2372
2235 2373
2236 2373
849 1290
849 21
2237 2372
1290 21
1290 1291
21 1291
1725 2336
1725 1677
2335 1677
2336 1726
2336 1677
1726 1677
